Running Experiment 1 ...

Accuracy:92.90780141843972%

Classifications:
     1000025   5  1 1.1 1.2   2 1.3  3 1.4 1.5 2.1  Predicted Class Prediction Correct?
0    1168278   3  1   1   1   2   1  2   1   1   2              2.0                 Yes
1    1156272   1  1   1   1   2   1  3   1   1   2              2.0                 Yes
2    1199731   3  1   1   1   2   1  1   1   1   2              2.0                 Yes
3    1177512   1  1   1   1  10   1  1   1   1   2              4.0                  No
4    1347943   5  2   2   2   2   1  1   1   2   2              2.0                 Yes
..       ...  .. ..  ..  ..  ..  .. ..  ..  ..  ..              ...                 ...
136  1226612   7  5   6   3   3   8  7   4   1   4              4.0                 Yes
137   543558   6  1   3   1   4   5  5  10   1   4              4.0                 Yes
138  1196915  10  7   7   4   5  10  5   7   2   4              4.0                 Yes
139   672113   7  5   6  10   4  10  5   3   1   4              4.0                 Yes
140  1241679   9  8   8   5   6   2  4  10   4   4              4.0                 Yes

[141 rows x 13 columns]

Learned Model (Likelihood Table):
         0
542    1.0
562    1.0
512    1.0
532    1.0
552    1.0
...    ...
1.574  1.0
1.534  1.0
1.544  1.0
1.584  1.0
1.564  1.0

[180 rows x 1 columns]

Number of Test Instances:141

Running Experiment 2 ...

Accuracy:93.57142857142857%

Classifications:
     1000025   5   1 1.1 1.2  2 1.3  3 1.4 1.5 2.1  Predicted Class Prediction Correct?
0     721482   4   4   4   4  6   5  7   3   1   2              4.0                  No
1    1096800   6   6   6   9  6   ?  7   8   1   2              4.0                  No
2    1223282   1   1   1   1  2   1  2   1   1   2              2.0                 Yes
3    1096352   6   3   3   3  3   2  6   1   1   2              4.0                  No
4    1211594   3   1   1   1  1   1  2   1   1   2              2.0                 Yes
..       ...  ..  ..  ..  .. ..  .. ..  ..  ..  ..              ...                 ...
135  1243256  10   4   3   2  3  10  5   3   2   4              4.0                 Yes
136  1142706   5  10  10  10  6  10  6   5   2   4              4.0                 Yes
137  1065726   5   2   3   4  2   7  3   6   1   4              2.0                  No
138  1176881   7   5   3   7  4  10  7   5   5   4              4.0                 Yes
139  1099510  10   4   3   1  3   3  6   5   2   4              4.0                 Yes

[140 rows x 13 columns]

Learned Model (Likelihood Table):
          0
532     1.0
512     1.0
552     1.0
542     1.0
562     1.0
...     ...
1.5104  1.0
1.584   1.0
1.564   1.0
1.544   1.0
1.554   1.0

[180 rows x 1 columns]

Number of Test Instances:140

Running Experiment 3 ...

Accuracy:90.64748201438849%

Classifications:
     1000025   5   1 1.1 1.2   2 1.3  3 1.4 1.5 2.1  Predicted Class Prediction Correct?
0    1285531   1   1   1   1   2   1  3   1   1   2              2.0                 Yes
1    1131294   1   1   2   1   2   2  4   2   1   2              2.0                 Yes
2    1355260   1   1   1   1   2   1  2   1   1   2              2.0                 Yes
3    1204898   6   1   1   1   2   1  3   1   1   2              2.0                 Yes
4    1325309   4   1   2   1   2   1  2   1   1   2              2.0                 Yes
..       ...  ..  ..  ..  ..  ..  .. ..  ..  ..  ..              ...                 ...
134   803531   5  10  10  10   5   2  8   5   1   4              4.0                 Yes
135  1239347   8   7   8   5  10  10  7   2   1   4              2.0                  No
136  1113038   8   2   4   1   5   1  5   4   4   4              4.0                 Yes
137   474162   8   7   8   5   5  10  9  10   1   4              4.0                 Yes
138  1174131  10  10  10   2  10  10  5   3   3   4              4.0                 Yes

[139 rows x 13 columns]

Learned Model (Likelihood Table):
          0
532     1.0
512     1.0
552     1.0
542     1.0
562     1.0
...     ...
1.5104  1.0
1.584   1.0
1.564   1.0
1.544   1.0
1.554   1.0

[180 rows x 1 columns]

Number of Test Instances:139

Running Experiment 4 ...

Accuracy:91.36690647482014%

Classifications:
     1000025   5   1 1.1 1.2  2 1.3  3 1.4 1.5 2.1  Predicted Class Prediction Correct?
0    1133991   4   1   1   1  1   1  2   1   1   2              2.0                 Yes
1    1157734   4   1   1   1  2   1  3   1   1   2              2.0                 Yes
2    1227244   1   1   1   1  2   1  2   1   1   2              2.0                 Yes
3    1235807   5   1   1   1  2   1  2   1   1   2              2.0                 Yes
4     353098   4   1   1   2  2   1  1   1   1   2              2.0                 Yes
..       ...  ..  ..  ..  .. ..  .. ..  ..  ..  ..              ...                 ...
134  1350423   5  10  10   8  5   5  7  10   1   4              4.0                 Yes
135   859164   5   3   3   1  3   3  3   3   3   4              4.0                 Yes
136  1350319   5   7   4   1  6   1  7  10   3   4              4.0                 Yes
137  1041801   5   3   3   3  2   3  4   4   1   4              2.0                  No
138   659642  10   8   4   4  4  10  3  10   4   4              4.0                 Yes

[139 rows x 13 columns]

Learned Model (Likelihood Table):
          0
532     1.0
512     1.0
552     1.0
542     1.0
562     1.0
...     ...
1.5104  1.0
1.584   1.0
1.564   1.0
1.544   1.0
1.554   1.0

[180 rows x 1 columns]

Number of Test Instances:139

Running Experiment 5 ...

Accuracy:92.08633093525181%

Classifications:
     1000025   5   1 1.1 1.2  2 1.3  3 1.4 1.5 2.1  Predicted Class Prediction Correct?
0    1131411   1   1   1   2  2   1  2   1   1   2              2.0                 Yes
1    1193683   1   1   2   1  3   ?  1   1   1   2              2.0                 Yes
2     718641   1   1   1   1  5   1  3   1   1   2              2.0                 Yes
3    1058849   5   1   1   1  2   1  1   1   1   2              2.0                 Yes
4    1365075   4   1   4   1  2   1  1   1   1   2              2.0                 Yes
..       ...  ..  ..  ..  .. ..  .. ..  ..  ..  ..              ...                 ...
134  1113906   9   5   5   2  2   2  5   1   1   4              4.0                 Yes
135  1148278   3   3   6   4  5   8  4   4   1   4              2.0                  No
136  1108370   9   5   8   1  2   3  2   1   5   4              4.0                 Yes
137  1295186  10  10  10   1  6   1  2   8   1   4              4.0                 Yes
138  1218105   5  10  10   9  6  10  7  10   5   4              4.0                 Yes

[139 rows x 13 columns]

Learned Model (Likelihood Table):
          0
532     1.0
512     1.0
552     1.0
542     1.0
562     1.0
...     ...
1.5104  1.0
1.584   1.0
1.564   1.0
1.544   1.0
1.554   1.0

[180 rows x 1 columns]

Number of Test Instances:139

Experiments Completed.
